8
100 
2
-1.9175319333300274 1.7850505934411178 1.73807228627981 -1.2839939213484115 -0.05254254095728856 -1.8667009578868374 -0.5804496517644994 -2.345785954418088 0.43522922557845245 
0.6130281018871533 2.8770902547502106 -0.7612991364828812 -0.8286436953121274 -0.42071009688009575 0.12286497760124465 -1.6021424561327509 -1.6597742019646708 1.1278480274856997 
1.2496208869336887 -0.351962951214882 0.6469249793721096 0.17630722443835195 1.302356392243787 -1.1486349843080088 -0.8269856510994567 0.8768115348730237 0.5599942572692475 
2.0592577098073486 1.3892455208062517 -0.9741999087943265 -0.8268845186978682 1.1870808648051203 -0.29472774084450765 1.0142433811233933 0.8810947491237583 -0.9414595611218327 
-0.011144072360420018 -1.2106368647036105 0.20781638603308128 0.9029806661160603 1.346337471355292 1.236167007030408 -1.0113931926630708 0.8539358626251057 -2.250036067054886 
0.34658719189222376 0.3197812153230875 -1.341595961139896 0.04906720836195676 1.9076305989795133 0.29246765825401283 -0.4716089929226516 -0.6456001077859866 -0.1387186052423444 
-0.005961488970658885 -0.5475553597842642 0.3278960356816129 0.8693023513384316 1.1911250923865322 -0.7807514893035982 -0.045477873085736135 0.7065269837335721 -0.14260008543013133 
0.030934221394754543 -1.2888196521787074 -2.420720655862508 0.608470162528079 0.6959336439968609 0.514955115485911 0.47105947236192436 0.2936476252285138 0.8900753590807204 
-1.274195687135968 -0.7989937717321691 -0.7012175346971943 0.6576609426270511 -1.0221217955933275 0.053610071112311745 -1.410259492611197 -1.1728373087787427 0.6323595523075812 
0.2760422508657145 -1.4539741060279598 2.889035361563041 1.472241766853461 -0.18937855382571642 -2.4964348302691874 -0.3929782804916702 1.023543641193326 -1.3985157791104543 
-1.2848235872771419 -0.25433303270003094 0.27195310251294363 -0.9027015262239393 0.9058838557540562 -0.36152847166960944 0.6453328242466483 0.4830431530296925 0.8333528707234178 
-1.0172538031538159 0.47758210518180416 -0.9870174621855958 0.13909823763405665 1.6403612893681396 -0.05812981719540796 0.610901869348981 0.17460407222949448 -0.254879321651294 
-1.419567061802041 1.7818209002678773 -0.38623565343614624 -0.07580328828217071 1.4733999694880813 -1.7276289516478718 -0.6380136853309529 -1.357819603230422 -1.413347114903527 
0.22729026565663837 -1.0911206805146778 0.43575227123276017 -0.6585649782522386 -1.2602388531915785 -1.2281664337587164 0.1461465610848696 1.9201989310659293 -0.047366955953610144 
-0.2216510931899787 10.602646946840581 7.266073617581071 0.7635122326073409 0.7848200973194173 0.0717241531402637 4.554694031312668 -0.8198762895133263 1.8367801819522414 
-1.1109148667674107 0.6725278877705371 -0.6641234674802128 0.8310786035965034 -0.2935782085915641 -0.1725175139694549 -1.168477422292522 0.5195640067781785 -0.16966644314436014 
-0.04217698443983779 1.8903621015325198 1.6268734707253885 0.15743108469592276 -0.5616494289980868 1.3129616893384102 0.2449660016816429 1.0490271660888093 2.106391155141913 
1.555896783816598 -1.749944606834801 1.2584948290461768 0.622552645953572 1.3441091598688377 2.4919918906417355 0.3093657610572741 0.4380422521376048 -0.18182437162551202 
0.22596927185931565 0.5234906701027517 -0.3709622190383367 -0.21155729955153701 0.08005835734294865 -0.3092729748623974 -0.7974432669143462 0.49318050718474254 -0.8793718246484922 
-0.7083831355497756 -0.5149775329536462 0.8502083929732838 0.9269963746026079 2.4045601723539867 -1.0702979687922565 -0.00024478574161799084 -1.3967625947885125 2.254299501392686 
1.4105312564970398 -0.8460632093243499 0.8428439472117337 -1.090866476167969 0.07745983297790872 0.7880703276355143 0.2072114306533433 0.16488114505839477 -0.10796541925146294 
-0.6698786224455485 0.7882896272731725 0.7710037464928872 1.9538921965102984 1.5027593996310236 1.7415182632059163 1.3941554115317292 -0.3537879645521662 -0.15339886270280426 
0.48733822240563485 1.1938079004551265 0.6265336915979891 -0.8311362693841169 1.0298279461640127 -0.745846857073048 -0.3038376726298557 0.04472530501892136 0.7209990320094325 
-0.9882249308099027 -0.8597995615489781 1.6612749882166904 -0.2887567638142724 0.17829260495440782 0.5784359798671102 -0.6543751165762866 -0.7054766919068192 -0.7641767364670085 
-0.7467352303672287 0.732659449026825 -0.1886205720893159 -1.5468555258647758 -0.8477174766646711 -0.2366906532075142 -1.606051288625546 -0.8131670050010096 0.6247450367520987 
-1.9794468520527426 -0.5717037616264686 -0.4897059370518306 -0.49567453563837804 1.4889869146270065 -0.27454903283012194 -0.5873177930988484 0.44634767747939924 -1.3324005502370937 
1.7130086143103622 0.5980190850451488 0.07463109803442063 -0.5867906688651142 0.6166911959005331 1.1970146831538302 1.2684766559861806 0.013355349889539474 -0.9764691938729132 
1.8187042852619204 0.8416394277465624 0.6228671707885202 0.27549001662615513 -0.7690694519720382 0.964281977482887 -1.8397061411035556 2.731438223607925 0.2998986306790341 
1.1247496513517652 -1.415656765713573 1.45305199605071 0.8990167243971922 -0.10796716198184741 0.5716686061234653 -0.24299320746924247 0.29839808740287127 -1.0205824665637366 
0.12728834298635278 0.30188653064600085 -2.0688477323941714 -0.13737358465497568 -0.7128194885295154 0.6925110673367559 -0.5571098529662978 0.6420559136057714 -0.3025649473317386 
-0.5766997681465831 -1.110528717405435 1.0703041568741964 1.2006442736885512 0.6011436205121417 0.584537797443016 1.3333913787620748 1.1130815629883561 0.037437185858283005 
0.778120127024689 -1.0827468141380614 -2.4086518576172407 0.01555526362517005 -1.3312371052835001 -0.6629153744181623 0.08478980030809365 0.1657650805165944 0.7978550143803735 
-0.17023522469715757 0.17766666370089587 -1.81113955093618 0.45405120677361765 -0.828458096895791 -1.2833104380936782 -0.16547914187926932 -0.1355323416012371 -1.0064777845395343 
-0.05705428028074776 -0.1491815969550316 -0.09019908725818311 -0.5356763941787462 0.35259650071754756 1.2299545011689736 -1.3062291114651858 1.6225729509380453 0.8144506757392201 
1.398525146167418 -0.623383175885043 1.6093972757572355 0.1226555350776765 2.1056710402651553 0.5631740648956177 2.135281015212686 -0.675790478485839 0.828911736333285 
0.5005050138076246 1.3511695844612746 -0.2229788634375776 1.0324533965329463 -1.4767814884420112 -0.2606565831629358 -0.7891399575233784 0.31519520339994134 1.019938662382639 
-2.496086439450675 -0.0576312228756912 0.026113936508798192 -1.0395670428507564 2.031331711628112 0.20094718747642207 1.8336096140126643 -0.18284005038610626 -0.08525846399830843 
-1.818410109664135 0.4597291044680991 0.3385558210134456 1.180229890142961 -0.3785390515257419 -0.05425316388184786 1.1815641720042156 -1.2456946423744484 0.534871678637835 
0.40638455244879296 1.814804154455211 0.1389109763846789 -1.0228039836910883 -1.054555771081505 -2.3206492841269033 -0.02658034277011607 2.886153416230298 1.425239298805775 
2.3047856419819324 0.31547406728733485 -0.24499517769938903 -0.7910763294991524 -0.37545075513119225 0.041799360297361615 0.5068477618369868 -0.9180758550841381 1.0461538410058882 
1.0727982359916715 -1.1369500750469494 0.05241325016621683 0.8351366560597722 0.2683731748581294 0.04094713324542982 -0.276664556568453 -1.5555767088848946 -0.08611572976008555 
-0.3729241447508463 0.7414173834416047 -1.5719788434212194 -1.0891219886159784 -0.8430544736579055 2.105767959280398 2.3507587788553805 -0.3651596362534662 -0.14069021212880678 
-1.5144365345147415 1.836611453135725 1.404433199686962 -1.1861662502992192 -0.08981534597347408 -0.01633077839226747 -0.4594857362821119 1.266946365516513 1.648862816242332 
0.6311855016301613 1.0126620296029905 1.5217872683939773 1.45436332097836 -0.13989386275550983 -0.3743999029207775 1.4847107752849367 -1.294686875237435 -0.714801751722174 
1.8348319165361686 1.7459121031527667 1.2254522054907382 1.209487780363903 -1.444376729145032 -0.15477220301586078 -0.8275657989345885 -1.8151387493850342 0.5699338034685234 
-1.1271334262032415 -1.284960231978009 -0.8842667308962613 0.8692823028337985 -1.6021586495149074 0.06311788205225054 -0.027060493740281195 0.21511842597025535 -0.513661375282625 
-0.020646861640236942 1.562864720662477 -0.6830282168009111 1.270550114413277 0.45488780317635935 0.5746782793918235 -1.1927703814352657 -0.20700715983626972 1.4625220622100292 
-0.560015395814728 -0.005462429708518978 -0.375266704234126 -0.5040105255984728 -0.4811391471886025 -0.6436357284584552 0.011924500885242792 -0.9301597261183766 0.5361475223418808 
-1.1695313049490292 0.7318746651922237 0.6341245540743039 0.2670960328887515 -1.2848991172688433 0.46043776436843276 -1.8588962658901291 1.017784044905651 -0.1218537004367921 
0.5435583551971429 -0.1950218382620854 0.25220872978182346 0.45769539613638544 0.6222770306585582 -0.42229304499454645 -0.40181401096165476 0.5168043555778717 0.9578305644133139 
0.8188341373450994 -0.381959896572659 2.028630268023579 1.6733747086196618 0.5631884491643884 0.19650173692329967 1.1268656765905287 0.06715447811539405 -0.161333695362984 
-0.042554174379167496 0.02736144529814353 0.27068929388414564 0.8681443704374425 -0.3132874866608814 -2.569034623571749 0.8977096013867961 0.5470407304963151 0.768867210611597 
0.9397211520663796 0.02519049125680079 -0.4370202371012571 1.8876857270213354 -0.22687233997201942 0.7863070048514484 0.9101909396932883 -0.30446483346825826 -1.1714384142960057 
-1.150768943112595 -1.9658560183639553 0.2458929049411298 0.7191652543298207 0.08962387984660297 -0.9751024868645054 -0.17281222760637252 0.9864423907956887 -0.5335347523791277 
-1.0574598114100562 2.580656125156272 0.4846083442322057 1.293237484623135 1.2954985912713324 0.35781605418314477 -0.9448409813611425 1.5729534005022192 1.1477644850610171 
-0.13968195724469806 1.7408684262006042 0.6491417685030083 0.7386384647908427 -0.5242145836177236 0.020221191269336625 -0.5139318182015381 0.512146515398313 -0.4239294258068063 
0.3268944258511639 -0.5986994529045483 -0.5533603240239803 0.34729872963386815 -0.34188972785994765 -0.2467031889083689 -0.9174879170817765 -0.08127171955895938 0.027506786820404555 
1.2186242646641672 0.06850214328610178 0.5345406255648758 0.3888325138634743 -1.2751253745849136 0.38044632453835425 0.04594449281224035 0.3953499838845276 1.3676584897870234 
1.643416432400291 -0.45730598740339645 -0.180682121547358 0.5000943603786442 0.5729345889407373 0.7955728826850589 1.545127335954722 -1.0719096213348813 -0.10695550066553047 
-1.876476377928585 -1.1765745412934658 0.026747203090570423 -1.1144951869147983 1.5363018295135786 -0.44450582207630696 0.44583851448563777 -1.7345307077335386 0.43563797737408605 
0.40977742400756667 -1.3315246789298292 2.010023010781403 0.7272246110691863 0.15758767977759547 0.36574541921481235 -0.10016030979115577 -1.2124087367105283 2.2608382471585444 
-0.34358204275739146 -0.5910739140817732 0.5980597911960195 -0.6441317307857921 0.9725825754669299 -0.8126689961621558 -0.3694487536481561 -1.2330685801800216 0.7131239183739777 
0.657190697830044 -0.7068731554068493 -0.5929130919654139 0.42200469068720736 -0.9965117858781904 -0.7460120473049281 0.5592954859957232 -0.2424770778733715 0.3030780935100205 
-0.30632668672170427 -0.06489200119282039 0.7566652358650883 -0.9402073480915022 -0.2695155355769129 0.12008318480980515 0.8127611187026034 2.472481118934306 0.19572631131740414 
-0.4885178588240567 -0.7952729050804652 -0.8015577300113362 1.810529052111089 0.03747002176235455 -0.14871610525783743 0.6490879455158194 -1.7172267754200943 -1.026466844498296 
2.0358972627196783 0.836257692386354 -0.459822455238053 0.6402352434421416 -0.02487773151921045 0.45392832399503885 -0.01828229602802148 -0.39044039637402345 0.4205097008845304 
-1.0474340688356445 -1.1567186439077577 -0.03163704507640127 -1.1133070216285261 -2.5429422606860803 2.333018545333113 1.4529238015439023 -0.2723385029731797 -1.923524370411107 
-0.7154889448611517 -0.3941173983359138 -0.07271129561723289 0.5085056767638355 1.2181140071918084 0.10718676352067323 0.7654074196460183 1.996230892868251 1.0267574513932445 
-0.03637518364075828 0.4554140232601568 -0.06372219320711613 1.3903932571598354 -0.32509062612829315 -0.3342645095014028 0.16877671604837516 -0.8500345984241402 1.3978738243440427 
1.2242598633390562 1.4646716324519284 0.005222986708656842 -0.07118003169743152 0.9036324299199417 1.9893478569708045 -1.2621553490941342 -0.8205751119469359 0.6211292246958189 
0.46667359955926474 -1.7427015806372963 0.20583958993564294 1.0022459060640463 -1.2373935050602058 -1.21080929114094 0.40338417983415376 0.5159305675264874 0.05430403057665011 
-0.5266313415956431 -0.23301038770801538 -2.2720566125584343 -0.5594913223978217 -1.662661323752773 -0.1326913996450086 0.843715554913995 1.2127703780604322 -0.21405780237954083 
0.022898020686508636 0.5862734482253402 -0.5082950294163252 0.7506536785820876 -0.2889841946110841 -0.6959983626823104 0.8702561780776951 0.6373581847447904 0.03686275994684081 
0.9909072411395092 1.0591675315465487 0.6857658126405372 -0.04492593002860304 1.8874840422239256 0.6899207631737527 0.3630450758422425 1.2492209878485179 -0.1297434078468907 
-0.3027621753821711 0.04127879281927384 -0.8522927940279426 1.6079250810625765 -0.993627734697234 -0.5645401913712372 -0.564055876646282 -1.5438517942873158 0.6206978265443099 
1.3995309744317217 -0.1115039911825777 -0.0340622307975271 -0.8167964144740637 0.5604292040248829 0.31170710278752267 1.73290189604305 0.3221319148890279 -0.7233529348452251 
-0.45793416725625796 0.25367583968246415 -0.8353878127316319 -0.207747773326847 -1.1856388242957443 0.1569703781315371 0.24353198809770618 0.5752368453939072 -0.8562885627808005 
-0.5027525401383268 0.3392982381058135 -0.05602439212767057 -1.2416797671397872 0.13451360714549415 0.46463122104479604 -0.24144045235417466 0.6307971862591489 -0.43698201959572125 
0.11224546226252495 1.9962163589943915 0.6353212332075664 0.30481601328644997 0.16731661077510596 -0.5538341741889157 0.21704812768583193 0.796617432388031 -2.0290151014409443 
1.482307496752349 -1.7925225385968708 -0.2180454519667723 -1.0054210717086105 -1.3294882681386417 0.8590159364647234 -1.1105914172215252 -0.05983828680584263 -0.5904522967810283 
0.5389703865862682 0.7292390566682452 0.6171904152222704 -0.2747975219990997 1.1179204550047823 -1.1046047898191538 -0.04710332581990079 -0.49534075239552444 -1.2511719743883458 
-0.33821736011717923 -0.7914404414148186 1.7677138400587211 -1.0028402215505223 1.638795157577337 -1.0326702520020827 -1.7038503126678801 0.33273093547041704 0.44511723347586274 
-0.06953141252487349 1.73506406367576 -0.3107579243398983 -0.03564950362030652 1.6724566444984525 0.5799901276593518 -0.851684515515159 2.113047648698225 0.26554561721575015 
0.5052495527124441 3.471157719561025 1.9266792402000064 -0.5717345053452431 0.6723983867892639 0.8257680412922164 -0.3067199951068267 -0.060604665803334734 2.652979819181744 
1.4551418383821755 0.917287874273228 -1.2722821018394246 0.27607319661915825 0.6392342586501524 0.2799308012247424 -1.0889774235246117 -0.9336217958068287 -1.3148143460520976 
1.2017685867713324 1.208834312688804 -0.4280728730343904 0.2922453405944282 0.5127216210115942 -0.464904908414839 1.8819272636075703 0.19379756123265082 1.4481965869956315 
0.23375154987050176 0.47180097431267926 1.2790595059849195 0.8690882075331644 -1.012354648474136 -1.2145245245622203 0.04852345768676644 0.6347049418614688 0.9058205847579618 
0.4139032594880825 -0.12316365908542401 0.6113673047154812 -2.88733614425203 -0.4869160360674208 0.9108086363724243 -0.8195669819428136 0.744557772284181 -0.9380369770775863 
0.6613603879989828 -1.047691584185676 -0.8901421886479798 1.0469297686043664 0.561553282245951 -0.6148992536645773 -0.3447663290908361 0.2792810506993723 1.4485802036552662 
-1.1477186616878976 0.018141209876748575 -1.0187276611127465 0.8417639841001686 -0.6979201420632428 -0.9363677694002694 0.7153121388103287 -0.4344099968387115 -1.2009374573076574 
-0.7517377785296246 -1.8147299624406739 0.7242489334372207 -0.0038064358640818668 0.3753854818173643 0.8649991965351933 0.1046837030000855 0.43006618242448325 1.5952378746035836 
-0.17161247901974153 -0.5066473998624177 -0.28821777845153096 0.06977720484669693 1.4377692836604326 -0.3051599301638848 -0.056081826788718946 0.2826145676864351 0.5348318338319634 
-0.7230966289461859 0.47023058091069625 0.786710131545914 -0.49992168354254085 0.27739908728250806 2.278148751218558 1.2033523396836576 -0.6778511870031264 -0.9864331719954692 
0.47297954187922764 -0.5398785882064528 -0.5226491404541833 2.131004455042019 1.0882076858636571 -0.6937928626080528 -0.9105174415288928 -1.5939201960167237 1.1355844769649004 
0.25202980958216925 -1.1756533826877613 1.2053442387979707 -1.1676026103683628 -0.9200687667194263 -1.0631276917261636 0.8733932771731977 -1.654018978586267 0.5647904593084122 
-0.3429406529937022 0.6595253316103314 -0.21728893576264358 1.3795190826147652 -0.2500466808927923 1.122970207081819 -0.15939000487227423 -0.3124106941803196 0.686589271912458 
-1.173441451768723 -0.10892002855018719 -0.38519859897536346 0.02620674034057924 -0.4551747243889376 0.45801657341648716 -0.8227870346713589 0.6929469116963717 -0.30274577199023534 
1.7761134078483662 6.349590802829812 4.3105535300259135 -0.2374887446132186 0.862922462610986 0.4488501990861883 2.3770749323770115 -0.01967752041634241 2.639834403796456 
0.3153185248486149 0.24850397639423624 -0.5998871567538145 -0.17292998319765548 0.6377153012745242 0.23203070877103113 1.562445829660238 0.4534163651515521 0.8383713256336602 
-0.23886818691238 -0.0969268272472756 -2.082132071218896 -2.847763439924967 -0.7696044024755544 -1.0256651691294962 0.958415070554499 0.2171263530053088 0.2624372335935194 
-0.12495278106334916 -0.2225007180124346 -0.3067739026996925 0.4009956269875802 -0.2594463029599663 0.10079773126091328 0.30241315932877155 0.46805867583547184 0.44214462454881664 0.16380792998623692 0.32435928616854875 -0.3554616786731196 -0.15465837706444766 -0.2964180641166758 0.359239152684826 -0.17900583324630967 -0.02334574122806932 -0.28592302663764446 0.19227142976168424 0.18129326664224701 5.624403497022863 0.3288675699903844 -0.1709542407863919 -0.06949633529149517 0.5569858389396158 -8.76021086440138 0.2648462839302671 -0.38941994723604156 -0.1333811968577898 0.2630101677973855 0.20167176735605022 -0.2003006832113231 0.18706559271255788 0.43468390998221385 0.37911326931329276 -0.43973484453525985 -0.3150023237531591 -0.18794112309631514 -0.36372195538078916 -0.2811413688910176 -0.17245587581865376 0.5349594672690574 -0.18096883377963904 -0.2944256879549585 -0.2721245581530879 -0.2964495452860392 0.4283290511844889 -0.25048504288515705 0.27672329219397274 -0.287627202171953 -0.33268818846012693 -0.33901936229216806 -0.35514568008187775 7.973224356223139 0.1997114188403589 -0.31491584312990945 -0.24943397898779163 0.2808141234787135 -0.29106945454811206 -0.40202578102263503 0.23373896484363188 5.923920013557596 0.3493040040898933 0.19786756860140267 -0.3359744247776544 0.4101414364250852 -0.30661397275860813 0.2268691134591848 -0.3777931106751527 -0.3271538152599976 -0.16769429350667073 0.2324166124837378 0.10858469708298878 -0.30280791177577016 -0.11785306560501872 0.2168032228754234 -0.4583664763941856 -5.678621213795794 -0.39518926247249053 -0.13643059738325558 0.26639513929152325 -0.35392696926029893 0.499505364198038 -0.16905434483505313 -0.7511167925294734 0.2382613507331009 -0.23097674248119893 -0.27537150158839063 0.17153678724964164 0.21258146215209117 0.33961628445069947 0.19607349225649826 0.010865124765186647 -0.13421197805495147 0.4026901983444093 0.24076114844932928 -0.11480392811054894 0.08709142113336348 -0.7893703701125147 -0.12389206934600504 0.27851151521554096 
0.3653029324211677 0.3392763838096486 0.32762149505230037 -0.33991572706297124 0.09121305062156426 -0.21157343607916035 -0.29662944617475767 -0.2562340072324268 -0.34788357361092603 -0.4390862668885821 -0.4517214079879007 0.2627590325629964 0.19342722509924182 0.30720995058447237 -0.20239285809647806 0.3895746467145852 -0.24787315433970245 0.4136292603412206 -0.21066118935321243 -0.20428341621610702 -5.66076071703436 -0.2804593743537393 0.24656341636536133 0.37432974543703595 -0.4769855572701187 9.091231365440509 -0.2972674049696225 0.2509169357902575 0.34624041938696976 -0.22363412219807022 -0.4439229349100494 0.3879700097603545 -0.23416566967637242 -0.41764158639736937 -0.22815887145028196 0.4375038074149542 0.3608846989185259 0.35908326161035603 0.36337207220078477 0.2832414763973707 0.41396451483904473 -0.2180256033774466 0.2743713373197648 0.3158945542696529 0.22025583449494374 0.30754015674106233 -0.33312055717220984 0.5038552716511586 -0.3670332398895275 0.3156090153572305 0.3879739382433443 0.36090661869587476 0.3152688028784046 -8.040797763030199 -0.31941430701933476 0.27163596488056746 0.16631040115460693 -0.17960135839559743 0.12759698268928826 0.23660798615550616 -0.20764566468872775 -5.618609484393745 -0.24619830564892065 -0.1280569148789769 0.30831539567397 -0.3489186117836472 0.3911842495510325 -0.07167430223294674 0.20297405469850854 0.3522818718760076 0.15324651404399903 -0.2490507181224118 -0.3207616330452138 0.36273380290141893 0.18484730402780042 -0.13876117157022272 0.4019359602857936 5.6530213918458 0.29287538079073205 0.27439611986140755 -0.20425716077058914 0.33286303504606896 -0.2658256782756816 0.4480474734597625 0.72814715172901 -0.37869357708261875 0.3526731637680734 0.3844168591852881 0.02587533213148708 -0.10496914387229517 -0.36674097420687507 -0.25477125925450284 -0.327980790884155 0.3209569090299179 -0.2173695222005827 -0.20680703556646957 0.3922010948594744 -0.18366955172522986 0.6693487134910266 0.36640754048709784 -0.36301819195376206 
